PEC
21, 22, 26, 27, 29, 40, 41, 45, 46, 48, 59, 60, 64, 65, 67, 72-75, 77, 79, 101, 102, 106, 107, 109, 120, 121, 125, 126, 128, 139, 140, 144, 145, 147, 152-155, 157, 159, 181, 182, 186, 187, 189, 200, 201, 205, 206, 208, 219, 220, 224, 225, 227, 232-235, 237, 239
ABC
1-5, 7-9, 11-13, 82-84, 87, 88, 91-93, 162-164, 167, 168, 171-173, 241-243
WAVE1
23
WAVE2
103
WAVE3
183
WAVE4
42
WAVE5
122
WAVE6
202
WAVE7
61
WAVE8
141
WAVE9
221
NEUMANN1
1-5, 7-9, 11-13, 82-84, 87, 88, 91-93, 162-164, 167, 168, 171-173, 241-243
CONV
75, 77, 79, 155, 157, 159, 235, 237, 239
