SI_meter   
1e0
Frequence range
2.0e9 0.01e9 2.0e9
WAVE
0.00714974
9
1.5e-3 0.6e-3
-0.2756 -0.23477701 0.00714974 0 1e1
-0.24343316 -0.23477701 0.00714974 0 1e1
-0.21126632 -0.23477701 0.00714974 0 1e1
-0.2756  -0.18060601 0.00714974 0  1e1
-0.24343316 -0.18060601 0.00714974 0 1e1
-0.21126632 -0.18060601 0.00714974 0 1e1
-0.2756 -0.12643501 0.00714974 0 1e1
-0.24343316 -0.12643501 0.00714974 0 1e1
-0.21126632 -0.12643501 0.00714974 0 1e1
Materials
1
Die
2
1 1 0 0.024 0.024 0.024 1.29 29.3  0.0 3.2e9 0.35 7.0e-5
3.38 1 0.004 0.024 0.024 0.024 1.29 29.3 1e5  3.2e9 0.35 7.0e-5
NEUMANN1
20.0 293.15
EM_solve
1
3e9
POWER //信号的幅度，不是功率
1e1
##PATTERNF
##3e9
TF_only         